
result <-
	structure(list(smsa = c(1000L, 1280L, 1520L, 1640L, 1680L, 1840L, 
	1920L, 2080L, 2800L, 3480L, 360L, 3760L, 4480L, 4920L, 5080L, 
	520L, 5560L, 5720L, 5775L, 6200L, 6280L, 6440L, 6480L, 6780L, 
	6920L, 7040L, 7320L, 7360L, 7400L), statistic = c(0.709444640103923, 
	0.670317550836348, 0.668426479848016, 0.657041009500261, 0.664063870210641, 
	0.576764978521135, 0.568868354891836, 0.605416958574974, 0.645042065111997, 
	0.625317262446024, 0.574496052031293, 0.655499367501608, 0.439396500713966, 
	0.632573501782253, 0.606873134949753, 0.597709962293118, 0.618290945205366, 
	0.613429890033454, 0.566885618850566, 0.636264304294633, 0.680980562043741, 
	0.638646434435451, 0.632300180331519, 0.615357476334287, 0.547313378405205, 
	0.68670253803401, 0.506720014144904, 0.48279024373939, 0.553437133958815
	), se = c(0.0224213275635771, 0.0101746764873541, 0.0103608311290196, 
	0.0141979331093242, 0.0135275994051247, 0.0157222376989054, 0.0152783112240104, 
	0.0164026254906875, 0.017893499393084, 0.015097676226365, 0.0135941688008663, 
	0.0158383759084567, 0.0080064862617806, 0.0210681612949604, 0.0151037475820377, 
	0.0140677332894752, 0.0204631174816464, 0.0198301109993084, 0.0164719493550565, 
	0.0143890775869502, 0.0147374111791389, 0.0100800731892016, 0.0205679031279414, 
	0.0114125172783635, 0.0166693272245226, 0.0137076798222895, 0.0134512710919552, 
	0.0150340073059536, 0.0169787828536165), x = c(846761.26414678, 
	1394220.81951047, 1374117.62848679, 986297.08278608, 1183661.83819212, 
	1101457.49852027, -53031.82103636, -757640.37729342, -143234.95505141, 
	825975.22024603, -1985465.1525637, 128257.75365147, -2011029.27159067, 
	554314.11117079, 632368.60216917, 1061708.07124925, 588160.79347985, 
	1710864.97025103, -2232263.00811027, -1481692.63243705, 1353394.45691315, 
	-2039967.47845427, 2002647.46540564, -1818860.26199376, -2126496.67856153, 
	482689.65765133, -1909318.48845288, -2285121.07331063, -2213065.48385105
	), y = c(-410879.49431631, 732679.47238781, -157065.2351863, 
	237091.28273978, 523551.91985102, 360543.30574925, -514609.39912249, 
	252166.9882248, -523736.02051939, 288736.93793398, -196696.0001199, 
	158825.15727825, -119590.69539222, -259444.47453253, 661614.62646027, 
	-361102.08702783, -829696.30661529, 109629.58896738, 337602.64499842, 
	-357121.5880777, 444645.51511392, 1191309.06034965, 732283.26786537, 
	-136949.4490657, 425090.9382932, 145186.81312842, -290398.25878142, 
	351412.34849741, 230877.54125174)), .Names = c("smsa", "statistic", 
	"se", "x", "y"), row.names = c("1000", "1280", "1520", "1640", 
	"1680", "1840", "1920", "2080", "2800", "3480", "360", "3760", 
	"4480", "4920", "5080", "520", "5560", "5720", "5775", "6200", 
	"6280", "6440", "6480", "6780", "6920", "7040", "7320", "7360", 
	"7400"), class = "data.frame")
